orig = [0.999999999, 0.9999999899999993, 0.999999961999997, 0.9999998849999907, 0.9999996749999736, 0.9999990999999283, 0.9999975119998056, 0.9999931489994726, 0.9999811289985642, 0.9999480609961008]

opt = [0.999999999, 0.9999999899999993, 0.9999999089999927, 0.999999179999935, 0.9999926189994227, 0.9999335699948698, 0.9994021289544273, 0.9946191595952262, 0.9515724354054622, 0.564151918085008]
